0.3117158612233919
0.7920286921052216
0.20324055055130408
0.0717097365974223
0.8892525278295049
0.7435751774747683
0.5286900878002181
0.8701984870392392
0.9934503534286581
0.8202817935489833
0.26598003460007824
0.04315905037450418
0.00360282341948559
0.5705603804740704
0.10504048969000257
0.4124271950724544
0.24888349094031093
0.1826100322849633
0.9839579925447024
0.9374713031121433
0.14653124265979034
0.2900357870547179
0.7513105137640828
0.6526636489155172
0.4757740517934157
0.03526295812821545
0.22185541399428266
0.767999038058125
0.29379187716183486
0.6429833281367496
0.3480577372941944
0.7748342245067783
0.24581464824378518
0.4158873549561619
0.679351006692876
0.21400467064501427
0.1074258094589593
0.5743638917715069
0.28424617997899215
0.8863122987602857
0.01857534646670811
0.9506338403699772
0.4926843093869926
0.07388487480464634
0.9887360739803739
0.61572298304597
0.628377090079801
0.7345029014434383
0.0637196594390983
0.942099870699516
0.7739812042762287
0.404591638941336
0.9104482440192151
0.30338748983470354
0.05944186964955123
0.21630143871096252
0.8280646380952805
0.9276961123559023
0.5910431140518897
0.8230167004203625
0.30168525808365176
0.29800410787399156
0.6051335220736449
0.544097579440642
0.18014823824979698
0.6674242458324278
0.44543073559747703
0.5098211084978582
0.3740656247717722
0.9383894954081795
0.4838025576253099
0.3642963355786065
0.6713918137919485
0.39716192833075825
0.7892477318744926
0.439860062053711
0.6422542546290867
0.9013399980768476
0.19482268610209053
0.4027248868527754
0.5235716382716356
0.7423561196637432
0.29923951374477287
0.342379667019032
0.11935964657581277
0.19112901937618265
0.32643713607068836
0.028545837671022367
0.24966026164346788
0.020446246475585905
0.581765086799266
0.8763973944581175
0.5213936386789868
0.7366676097441198
0.9788374938444012
0.09938866806456659
0.7993758355145837
0.9858294002460009
0.22001146789454473
0.9200282781696638
0.90809909999514
0.6797232360609058
0.2236820388828944
0.10763600708265453
0.33491658108115174
0.9956103103381923
0.8417460543875167
0.8745466890789141
0.22174848307629802
0.9942435722689122
0.1341592969547134
0.27944484611146425
0.18664402902741084
0.500109178721667
0.8689416722929288
0.07029453351445325
0.991242692968399
0.13903073054620652
0.8274780226955407
0.1658263629284008
0.6069773878341101
0.4961767529502499
0.47989957736979416
0.5910745657693963
0.8924483168604329
0.9281994643538221
0.5814872765136425
0.539307407299418
0.3537894257496107
0.4023177202428795
0.6678879051994745
0.0493244983914487
0.23899216602432583
0.7299234159577519
0.21663336507629616
0.13408890757180736
0.7590807332566644
0.04100298124347934
0.6568068192332848
0.6871617779292192
0.7326814734617518
0.29926097675472174
0.6893778494191223
0.9718861595707659
0.6520490746993499
0.9213336818026702
0.4634547680331299
0.36693595265956513
0.6334867049547642
0.11400951579529939
0.23220668932707278
0.1813479817314968
0.34389826284591984
0.36887439051957993
0.9346461030889254
0.08800169537012859
0.42757942898565193
0.8066464225404945
0.9692482522423836
0.5054911963188604
0.6241630639010266
0.9893099412296424
0.6257475997386708
0.30896636540560396
0.05851185110781676
0.04083838514418292
0.7279862152535237
0.4259691366929116
0.02099535191339852
0.9271558856952035
0.916860930163214
0.48491976132094605
0.7419865104382544
0.07141384950280005
0.11908756987287905
0.03325749704393466
0.6633424244109767
0.8720043244514796
0.44966607190059094
0.26335661620969875
0.982342419275539
0.7977477936514555
0.6881778700401209
0.2673984606525911
0.1172273307795112
0.2517312922823576
0.6784436932426959
0.5780798347589958
0.46608271642587384
0.10178091093875807
0.9364056595483097
0.03541900825428046
0.024967735734315988
0.6902870449089423
0.8197077618018883
0.1446931699297601
0.7987669740851935
0.5188466734564617
0.209077445299385
0.9282069018670611
0.9572282428541851
0.7235852426627201
0.24022166394990618
0.4084732794673651
0.32555346550723185
0.5851527672376282
0.17389600546899775
0.5025271026415186
0.5970025879562257
0.9597042253748385
0.07566002805322158
0.23752283659149165
0.402929874856068
0.31894869919978663
0.9415386018960633
0.42469686811631446
0.48675068113179454
0.8381581936203489
0.08395206565892088
0.8299350203249538
0.4806157499821566
0.6629957289369639
0.03218740418028487
0.4242844584540383
0.5620570322014213
0.4055258837945145
0.9269384309770418
0.17403855787214617
0.9010209586911649
0.7876838934907544
0.518808413161772
0.4099182492494219
0.7509256183398123
0.3628712473221448
0.8922238668564513
0.45287689622315364
0.9139097969949352
0.934027132358624
0.6338218245637021
0.3853148474282343
0.4020115363784216
0.4578299249374215
0.5131448562655464
0.9148270658859163
0.7123567664103605
0.8030191601048265
0.8822292539199447
0.7398810943976164
0.6970562779212669
0.4913937974065561
0.33221835577130954
0.2407203153533366
0.19125269727851413
0.48400879577388833
0.36511228891685465
0.46019409405378375
0.3649800244860175
0.7016136065117492
0.1472669785956593
0.2304977243957972
0.34413016405760366
0.37738163636202493
0.05239445035140966
0.6468734479552725
0.7910887436517703
0.126545934877753
0.637348233100036
0.6349467809315739
0.5142061923845439
0.5959629874677201
0.7075716059286041
0.3601914876226857
0.5449302668213502
0.803136308879233
0.3421481564444404
0.726699618403433
0.27411471530855946
0.4011663532302352
0.9271212383947393
0.22949908616140546
0.3381958110591332
0.8985577796653998
0.7831374327527006
0.529841301959897
0.5052290172826928
0.09413851478109692
0.6537191005325674
0.979504864156031
0.6987987729427706
0.39537436907618795
0.37682801254360154
0.37815198831094265
0.018963831426597966
0.7615737801582155
0.25115890272480557
0.002474161869035596
0.1345006316539914
0.7076166575268185
0.6127721228444494
0.8030746936834352
0.880582631120188
0.644504096128578
0.7662228886239788
0.3897110620981413
0.41786389459638607
0.8977763905216058
0.1657656821423179
0.6194975758538059
0.07924422873399606
0.15764953547330707
0.009199138709975796
0.5252021473828736
0.8740374738363357
0.06125457490557973
0.8816510236321715
0.154617092212751
0.388701517656046
0.8010375720973213
0.9144234024398521
0.16062387853867766
0.4237116073435009
0.647193519611255
0.4999802551294775
0.2707585381832459
0.7424273308159508
0.2505930072856448
0.035411450837702585
0.5072613356641464
0.8762682841434117
0.41392457146484485
0.9282306272057099
0.7763376525379299
0.6916862011458759
0.866757892259486
0.5000260458314919
0.2666798437858795
0.058307143319585863
0.37610888488064853
0.9423100639356183
0.7102096306957356
0.8302351863215132
0.9632568856403698
0.38966937821630754
0.8302487573282088
0.2400508625483999
0.9634487000972728
0.6171555534096975
0.9375789341096578
0.3588058294233014
0.869946021548084
0.08482744999162006
0.1382121271415392
0.9016233960962736
0.48452013214995027
0.3924437532203279
0.4281395103843004
0.36300508054082803
0.9364373168471488
0.861965523115766
0.1867038893919727
0.4702078214897055
0.2891088157271464
0.15929983211768728
0.5284028746741678
0.8237316985215111
0.21114012459804432
0.10841866807995637
0.030435591125348105
0.6876756525450282
0.2266870609349807
0.3466192255169329
0.6555273101203801
0.38244909163278873
0.7071630276255602
0.525955912351508
0.6927147944440619
0.5515283139731516
0.9616159134655397
0.8845516866865262
0.8096031773434531
0.8359341106785685
0.11750261905137782
0.1815527194281884
0.6502626455676322
5.347698281055191e-05
0.4007501169121579
0.473713237121107
0.6578665197839536
0.9115002957270061
0.11814215543510487
0.513645265147705
0.7272243446889158
0.73908672115892
0.3645136595311552
0.8781597853760718
0.10742836977305248
0.7174104563601499
0.7385211373019918
0.06267776408267123
0.3091102249953387
0.8574378857716997
0.5643841226881922
0.26695630896443956
0.5786786537324635
0.2937388518451379
0.15829193477106152
0.8647075664819024
0.8758119703026933
0.6815331611998278
0.19200663746191216
0.9921114046725755
0.6186200987097221
0.14151912195181682
0.11195615356566535
0.9799987028938839
0.894138947285499
0.37166760512025876
0.987916514183636
0.873987653015438
0.8293040961631298
0.7999380264174196
0.9446303426082212
0.03487506934356299
0.42767792198472065
0.8827588524253085
0.9130215831012523
0.35141128205168704
0.5646773227270372
0.29766721282510145
0.9199270011608393
0.36056181003730636
0.6000549264450405
0.11244597914829546
0.9452585802339457
0.41817625382511026
0.3079505774301925
0.5556274974203507
0.9560545352460907
0.4436156487411157
0.8022468471076551
0.5740853505851429
0.9962729455819308
0.5633770733880354
0.7706166096979955
0.14508600250089299
0.027899201527290085
0.7666553487115648
0.6521422360617983
0.9342831153828718
0.05534046101132584
0.9606551041299883
0.5787526418288453
0.4344219219950445
0.09404459928745434
0.26044142191097064
0.5550159769612315
0.5608106058681089
0.2759019321331213
0.6041611253107747
0.1906507781546316
0.7485150894397571
0.9926662886964737
0.7156421377766284
0.09658925716395095
0.16731365389914465
0.0915619275913625
0.6140051149552607
0.7542968128670662
0.07892245418466959
0.12974816141663126
0.3065913564456011
0.3670865676422177
0.7722412640800055
0.19680170579763423
0.3236791260325387
0.0785227044916107
0.3043538131786736
0.45925008812661927
0.4506933371162901
0.8759177796800435
0.3626986941174235
0.6165475529007519
0.12966203614770544
0.689003783462061
0.10375200890815506
0.5507289651035696
0.38023586712885216
0.5793137032783161
0.7748914825919285
0.6603699468537813
0.513232678767259
0.6001650666488909
0.0871944005736438
0.7369405330046862
0.8531134963055469
0.8223451996133252
0.2943812588570054
0.07861705406787245
0.5942429572688602
0.8169355275321802
0.6097517968188573
0.26059438456243844
0.09258584239145795
0.46895698147174936
0.34015075841798526
0.22010008669336534
0.09062890112884026
0.8113664175618293
0.8720981182007655
0.44974190682514403
0.6558150202699569
0.7739661153643327
0.8636898980320239
0.6459132387699109
0.4744421270387825
0.3453205106390531
0.7560281760944073
0.38285001378481576
0.9324428574924828
0.623035748102469
0.6062861314902219
0.7382689612022616
0.5430600385634043
0.9041918635184851
0.5471206318163752
0.5662000562324664
0.649747274430569
0.9841393550195718
0.905254126853776
0.4089480678839481
0.656193848378235
0.6242540926806014
0.8243827049350936
0.3387574363032684
0.4621731284110844
0.11264239667815257
0.2247238222262259
0.9267882369496359
0.9273314641412458
0.44506606172551655
0.09108072972816417
0.002839348207092307
0.11102672439019434
0.17918731391217624
0.40949341936216865
0.2631222015185526
0.1579524669713135
0.7755727613786788
0.4073605478792435
0.9493742319340193
0.8108256494366292
0.9063964255129282
0.9363487380502562
0.8395740803523323
0.9845580645833331
0.80172421999223
0.2170092207265577
0.9519779137945618
0.25861179365408715
0.32397888439095934
0.8110294269815983
0.12142573579987692
0.7785684729154411
0.5494514266411233
0.9501650696390517
0.5990567332366291
0.08844642897916544
0.25412818853357255
0.20238157168405613
0.3989717487555813
0.12547056114062138
0.2005000567022257
0.8230140220220058
0.7173983647010793
0.6292626217159476
0.2901647740395653
0.491818826691486
0.8982936060355918
0.9473415903022442
0.8678134812253108
0.011236272838069605
0.9712603799874947
0.6587991072461461
0.3707907461443425
0.5239029761260392
0.5489676922646978
0.05819654936769725
0.70724101657419
0.40087686235025943
0.8658917344419185
0.48286165671540693
0.13279084998100588
0.022125277954038958
0.0033531612706024783
0.3290455145090463
0.9124292819815233
0.8997236312626182
0.1990837067755732
0.21949230308778245
0.14667933381527787
0.733914932435208
0.08548191799245786
0.6942712311335714
0.38038928567165875
0.054167669856732825
0.19218660046544056
0.6170366739569018
0.814891090539059
0.019109968551565104
0.8156660124312242
0.2440355825325633
0.18262391127655342
0.866563580989245
0.9511793500260457
0.92226550486616
0.8069848525497222
0.5100694055908599
0.2119509404098171
0.38090303364272626
0.8905597028473365
0.15133069313485137
0.77316298309096
0.9174565053226085
0.16692208950020382
0.2523363792367469
0.6887690724403697
0.3963961534547651
0.3892816910070558
0.9609848726335172
0.3329154196029376
0.8769762141697041
0.651294487711119
0.004774515626148834
0.25212663169604954
0.8462745114826925
0.5244542068682269
0.8244551528711352
0.676153235168145
0.5154774655492854
0.0802646820645011
0.4168511261043999
0.23972694185727084
0.9146703964583561
0.40856587730508154
0.1263428172112835
0.5960159819744129
0.7194619074295616
0.9548333254853694
0.11096582413308875
0.9364631055380375
0.5894066122100992
0.04309010992942719
0.04795195961188792
0.934031986241038
0.8020595076970713
0.6143301370597101
0.6408491689284175
0.5959939197073367
0.38377156713598914
0.38621259551927223
0.23437822570452538
0.1379631379323829
0.18657846693155045
0.6826151985363241
0.7904788641993838
0.8233493727357025
0.1828596940548669
0.23809817198314842
0.7838474532726687
0.5147549182447767
0.2614905687588521
0.4716098370381976
0.43826669811157115
0.502989325009962
0.6450477783146694
0.6091832148666417
0.013930038578406134
0.32184599500590616
0.8896143860300691
0.025457159505949623
0.5091084912642344
0.5211298060723916
0.3366622480469491
0.972920008832865
0.5758896313790391
0.45604320495348005
0.03947998112152873
0.6583166991433905
0.942183178496053
0.2939150579902696
0.8601724783775712
0.8065993254893148
0.11512546008567703
0.18806227003795517
0.23395927696835894
0.1299838482240836
0.40806917882992744
0.30077507052674657
0.15745332998314143
0.6239963004128919
0.8997875077863331
0.9335743506567908
0.741155065883641
0.14383316688513603
0.17032180657266005
0.6858739136750525
0.2665843411257304
0.12037031138903409
0.916567517723186
0.18617784099325108
0.4267355623204768
0.8728897596560165
0.2570615008263135
0.7107605014942592
0.9107173159824891
0.6047212319327674
0.6524625520812206
0.3831727819929618
0.9341469866799844
0.7557110086445903
0.5405155677131862
0.7145166331353041
0.6897868108541931
0.679248341741639
0.9819733303342661
0.7583134777856894
0.029876715721711244
0.5476986539860726
0.6576225449343825
0.0784803695692241
0.7194777314300673
0.8164714513704259
0.8144068684796938
0.3725453122414629
0.4158619528446502
0.28952178487192115
0.4541820640475026
0.571981107164223
0.3586483684916725
0.3502904502248526
0.20756687646061966
0.676526597330145
0.9265937753144516
0.3735280389485861
0.531826900204407
0.2718509232726617
0.227349896105964
0.3988105249093412
0.452125913665018
0.23749265825193655
0.7375000112678208
0.911029488452559
0.7687479434109309
0.2831882846600472
0.056535626096324454
0.9739307921810014
0.11153918998371593
0.4444379717258955
0.9497752865832975
0.2924426699308643
0.8313851938533977
0.8961721357288023
0.7286713624252069
0.6339169776784773
0.10129612112172637
0.6266528399379631
0.3654586241157112
0.3345551769557574
0.22542857015163975
0.5604700805149591
0.3547783296301693
0.13701743873382577
0.8746145287981552
0.463385318822889
0.8215877614472594
0.604202972035265
0.9411401261897981
0.5328711416545103
0.067164336516496
0.3708430307531496
0.8854258437137789
0.38682014823521926
0.6132047968810413
0.13577480458009172
0.48614338386682177
0.2031908111644406
0.5416324501725663
0.15500725996125797
0.9964581088356577
0.03445042249587604
0.007864660656521805
0.0032085042250212803
0.4436628534207008
0.18227279073808544
0.5277983477325503
0.52083369660644
0.5192029689928166
0.9854165325671741
0.9142720904553904
0.7803256449386674
0.09753341336463672
0.6481912548790725
0.9253588486611785
0.48680026041774016
0.1802930675437625
0.9485346313324013
0.787689731726809
0.19733219344866482
0.8473334951722145
0.6508919425577941
0.08928593365946536
0.09091923724276074
0.09433893257893988
0.8738184873774104
0.6945176178748783
0.4737222231679111
0.7484921524116632
0.07959843664364086
0.7530828639188883
0.8446658678642031
0.7806382343835699
0.5742980928111102
0.39060120719961133
0.7880345772841518
0.32083256935902305
0.0057622781360315845
0.2762676567908622
0.2665962218574741
0.8223260161213715
0.6780293356219261
0.3647356792730665
0.3810949169342309
0.10046250490632946
0.1639171766943791
0.562659998217512
0.7634447662508088
0.7085093002724433
0.5352113239010551
0.923823012539204
0.7669592278825911
0.15798553508798885
0.3941819553644985
0.8554524909692421
0.017749722068167273
0.7631761483196039
0.6875562954616036
0.9377377654541343
0.20436012913705892
0.2305352252184858
0.8906112538326307
0.7964841355415022
0.8767044309945481
0.7965361284149467
0.6739412223999134
0.7127856091045723
0.4924556724960173
0.3716276143725913
0.49086907205731267
0.6166962182897164
0.4310151564875828
0.3274346490954386
0.42719831810306785
0.28176349842506976
0.5451566547074558
0.6447776571227373
0.36724283432552884
0.20448114602273815
0.0032817989427234018
0.7483552777858051
0.165318776200316
0.5087014287335901
0.6780923951189873
0.13805520581620845
0.7862505795303123
0.641369755877907
0.6004346960983097
0.8590210557479994
0.9625684571057191
0.9004264456150973
0.5686067736625849
0.1537652478158198
0.7329189132344722
0.31256834161340785
0.14329476149436327
0.6162888295208593
0.9042563567657995
0.6840691341761959
0.061716020608638456
0.029786312096402257
0.7759699988959287
0.02089880672643496
0.42425765764731127
0.1038497590130194
0.05803527413363996
0.8247420531854461
0.8187294413508533
0.5994826886353327
0.6317933815831459
0.957793099307735
0.023376370506103417
0.8172380050333042
0.37063700521226195
0.6120560139208748
0.025821328308411662
0.5003878002450362
0.46818688984047274
0.3615798137778383
0.014137044496551066
0.2515405276875573
0.8963781321408079
0.0554054607210267
0.5332467962933802
0.06985078312006554
0.9815994975952218
0.7478995501687842
0.5592424451567839
0.9149461231970066
0.007382388436296794
0.4741153727105737
0.25035832376585077
0.046392379418859875
0.2655599222935763
0.5776936622450711
0.5957816394502111
0.31861251073712915
0.5071973823650703
0.6202466048104229
0.7736014604853453
0.03768385416032516
0.30811819909089655
0.5076022490914796
0.9435403192241262
0.004867348997140586
0.693802115433485
0.3699598799890992
0.7238622175797881
0.7891910340885746
0.056677294290260694
0.5741967209957277
0.48362637784776497
0.7496235731875411
0.0068373773815939565
0.37516184896761373
0.17637953600043232
0.8779815848149342
0.5589891529587737
0.6661683900352758
0.2926327068676321
0.24166918383953484
0.2797662614933486
0.046598526997227996
0.038573190210478
0.6670787425292061
0.8101932447325819
0.8219818026098451
0.06007555089878458
0.8947792081829237
0.019323569499796633
0.5539629567336121
0.7892479033425507
0.7575783231154646
0.37673083474572866
0.3422405578715165
0.791308883329348
0.6593017940511178
0.11187304559459521
0.020968453638722462
0.7311866216159638
0.37969227011182904
0.18308887340143087
0.40170818680406906
0.6926371301171528
0.5769310751976808
0.6171261169842233
0.9276382028903857
0.9872107644306634
0.3079400278239588
0.23858130464286753
0.4592434912765222
0.6403474746712443
0.65695558987291
0.8345769094498657
0.7819396019294642
0.48667442182861675
0.3700938301524561
0.052954852489883186
0.042846965292165806
0.7786433475838503
0.25575113357152934
0.5140553342020844
0.30201941618892447
0.08813410005547695
0.007671128129422944
0.14734950447512707
0.5224523801425976
0.5727467197075847
0.456026441401406
0.7912777076390124
0.5344658825040728
0.9743017974997921
0.556749194859508
0.6648354938860358
0.4623104538086815
0.31320267756250464
0.21527367616236626
0.48827316397283693
0.8883404706008885
0.8873657891357608
0.8133347421184075
0.27046267024318926
0.23438327562322803
0.6100586981032369
0.1328582095216957
0.9337651641763209
0.2600253740767262
0.04641714937976271
0.45462172589109784
0.5967762418554138
0.8032681640768139
0.6885159660342844
0.9516627324436409
0.09217634827643317
0.4160773689463385
0.5956021255030473
0.7823422554844714
0.14977331712960684
0.7485040047896132
0.2691840877561944
0.08732257608956506
0.7747706881617823
0.5853657404948075
0.9130285721137154
0.1566699298739459
0.8030946887261438
0.4715409358934298
0.25166451745840346
0.19839298782701342
0.1412771982468327
0.7805834087706885
0.6442925455592956
0.5233467185768874
0.3936686737594215
0.05392121309994491
0.5010048294287559
0.9880330217297714
0.6165416775223242
0.9451600856413805
0.4739583762765994
0.3328430485832272
0.5306364235675478
0.2754733130674556
0.3029934050830998
0.4895889462876356
0.283356637587752
0.3953009044331277
0.3838619580886292
0.25418330224808783
0.3197388006977475
0.9381885838144468
0.36076450207513255
0.447027092581163
0.5912481744962688
0.12207717946596686
0.2293012651403814
0.7270273239465869
0.777472810654295
0.8657448288550641
0.9800077698340176
0.4373328862151563
0.13575595653559935
0.45979018975538655
0.9730197709709452
0.5506722562571522
0.2542753493950698
0.5183299287576018
0.8751138737395022
0.8121696474262324
0.39102270587798615
0.14279843716160023
0.5852327654575501
0.8983554222858563
0.04544436786078487
0.12256317224142332
0.8720115440022801
0.9315490224714316
0.48750153482281877
0.17569747797743196
0.36952773434899844
0.546251049753679
0.7467965514685153
0.6425018443142619
0.3471987515230659
0.3596830415406099
0.04303833342095553
0.2900706653060322
0.2641786090763847
0.02323796294135727
0.1330996346561346
0.12053720969793069
0.896383831054947
0.5781732659044359
0.23628043696489864
0.8716941234182067
0.19855540494184498
0.19017170432372565
0.4792338347209857
0.9172372550615439
0.23305352084069264
0.1861816347791163
0.45008321755288616
0.9706484315360879
0.7586338029082524
0.3650802105425509
0.32735236352641983
0.4392595759371495
0.6203679585571567
0.6268788285738458
0.6783273534018585
0.3104739321619914
0.40206308186709894
0.45963261616322615
0.5661393594052896
0.5716395487115521
0.8740054361556835
0.5430667788707146
0.63604474775071
0.6490240049757587
0.5756199289421884
0.04735303528822199
0.3329092001045324
0.4117363656901045
0.3542441230054576
0.6760858838585476
0.8127834577390078
0.5873206757073259
0.341378705414776
0.7505604388299567
0.6087559575458199
0.9176694983146904
0.8100403867301337
0.12862593153932322
0.682173716107131
0.19363225203804946
0.7588133600854877
0.02468902453784161
0.7468986045958362
0.06800714596252877
0.5601226386865532
0.5425467470548283
0.2630195167160386
0.8242390214927267
0.04832771890800536
0.599088475921894
0.6609559476227279
0.5955770625139897
0.17337893741187327
0.9219217344641695
0.9935359092799183
0.9940760531468771
0.30557721518567316
0.344543718698368
0.547912021012732
0.38534307973551585
0.17651090292934457
0.6006867979306538
0.25872248564185507
0.11908558826258087
0.30310064215185395
0.4916411173238219
0.8817335525276202
0.027767548784562446
0.8673366625993115
0.5476057904479699
0.1370032334599457
0.7129818146716641
0.537663196259265
0.7901822280538363
0.355427284004846
0.7406004889269894
0.9501968772046666
0.9134860401851527
0.43308266320587074
0.04450397458062627
0.5601195835571618
0.9356192181990515
0.9984707291866896
0.9510079705035137
0.6049712357114888
0.8497195526515207
0.1793571508749342
0.2885085173178641
0.26673798121882375
0.7982181759856014
0.16110619173772323
0.30058770834369386
0.46033511860613263
0.6016172867874497
0.25391141672803696
0.6962300983556807
0.2190566622166802
