0.9098914848669037
0.9098914848669037
0.8309639401480842
0.4858793297748981
0.8309639401480842
0.5777604980290161
0.8309639401480842
0.9098914848669037
0.19273168532546187
0.5837603458155469
0.9353466677701374
0.4858793297748981
0.8309639401480842
0.5790479182453698
0.5568054452161009
0.5790479182453698
0.3571480868963527
0.5777604980290161
0.5837603458155469
0.5837603458155469
0.5981264469848461
0.5790479182453698
0.5777604980290161
0.7742038633807263
0.7742038633807263
0.7602374766816686
0.8855629740223663
0.9492333966187545
0.8309639401480842
0.9298514355135297
0.9492333966187545
0.8309639401480842
0.5568054452161009
0.5259351816412547
0.5998516931004748
0.5790479182453698
0.4852841228268039
0.9492333966187545
0.5837603458155469
0.1858566309960501
0.4858793297748981
0.9492333966187545
0.5790479182453698
0.4069626308994173
0.5998516931004748
0.4852841228268039
0.5837603458155469
0.9492333966187545
0.4069626308994173
0.1858566309960501
0.8309639401480842
0.5568054452161009
0.9107047405009938
0.5790479182453698
0.7749419798944157
0.2315463923490558
0.5259351816412547
0.5981264469848461
0.9107047405009938
0.9125071191978152
0.7400743129871962
0.5568054452161009
0.26112218043773044
0.7492079038344521
0.5790479182453698
0.8309639401480842
0.1858566309960501
0.9492333966187545
0.8309639401480842
0.7400743129871962
0.9492333966187545
0.1858566309960501
0.3571480868963527
0.7742038633807263
0.5981264469848461
0.19273168532546187
0.7742038633807263
0.19273168532546187
0.8747216378951285
0.5259351816412547
0.5837603458155469
0.8855629740223663
0.7749419798944157
0.5998516931004748
0.8309639401480842
0.5981264469848461
0.9492333966187545
0.7570509769061942
0.5259351816412547
0.5259351816412547
0.2315463923490558
0.7749419798944157
0.5568054452161009
0.3571480868963527
0.7749419798944157
0.8855629740223663
0.5568054452161009
0.7742038633807263
0.9492333966187545
0.9298514355135297
0.8747216378951285
0.9290011660190989
0.3571480868963527
0.4169296609891995
0.1858566309960501
0.26112218043773044
0.5259351816412547
0.9098914848669037
0.7749419798944157
0.775265641487591
0.5981264469848461
0.3314192067541425
0.7602374766816686
0.7749419798944157
0.26112218043773044
0.5568054452161009
0.3314192067541425
0.5568054452161009
0.1858566309960501
0.6358850242242816
0.5981264469848461
0.19273168532546187
0.9107047405009938
0.5998516931004748
0.4858793297748981
0.19273168532546187
0.7570509769061942
0.3314192067541425
0.8309639401480842
0.8855629740223663
0.5981264469848461
0.5981264469848461
0.7749419798944157
0.5998516931004748
0.7602374766816686
0.8855629740223663
0.4069626308994173
0.5981264469848461
0.7602374766816686
0.19273168532546187
0.1858566309960501
0.7602374766816686
0.7492079038344521
0.5790479182453698
0.5790479182453698
0.5837603458155469
0.5568054452161009
0.5777604980290161
0.7749419798944157
0.9107047405009938
0.7570509769061942
0.3571480868963527
0.5790479182453698
0.5568054452161009
0.5188414343573796
0.5837603458155469
0.7400743129871962
0.3314192067541425
0.5259351816412547
0.19273168532546187
0.7749419798944157
0.5188414343573796
0.3314192067541425
0.1858566309960501
0.5837603458155469
0.5568054452161009
0.5777604980290161
0.5568054452161009
0.19273168532546187
0.5777604980290161
0.5777604980290161
0.8855629740223663
0.7742038633807263
0.8309639401480842
0.5568054452161009
0.4169296609891995
0.5790479182453698
0.19273168532546187
0.7749419798944157
0.8309639401480842
0.7492079038344521
0.19273168532546187
0.7602374766816686
0.5259351816412547
0.5998516931004748
0.5790479182453698
0.9492333966187545
0.3314192067541425
0.9298514355135297
0.5777604980290161
0.5790479182453698
0.3314192067541425
0.5998516931004748
0.3314192067541425
0.5912671097196269
0.5998516931004748
0.5912671097196269
0.5981264469848461
0.4852841228268039
0.4852841228268039
0.5777604980290161
0.3314192067541425
0.4069626308994173
0.5568054452161009
0.7602374766816686
0.5188414343573796
0.5998516931004748
0.2315463923490558
0.5790479182453698
0.8309639401480842
0.4852841228268039
0.7749419798944157
0.5981264469848461
0.8309639401480842
0.4858793297748981
0.5790479182453698
0.5790479182453698
0.4858793297748981
0.3571480868963527
0.5259351816412547
0.7602374766816686
0.5981264469848461
0.5837603458155469
0.7749419798944157
0.4852841228268039
0.5777604980290161
0.3314192067541425
0.19273168532546187
0.9107047405009938
0.5568054452161009
0.6358850242242816
0.4858793297748981
0.4852841228268039
0.4852841228268039
0.4069626308994173
0.5188414343573796
0.9107047405009938
0.9107047405009938
0.4852841228268039
0.7298178420564927
0.7298178420564927
0.5837603458155469
0.9353466677701374
0.3314192067541425
0.6358850242242816
0.4169296609891995
0.3571480868963527
0.8309639401480842
0.4852841228268039
0.7400743129871962
0.5837603458155469
0.4169296609891995
0.22056375623519112
0.4169296609891995
0.4169296609891995
0.5981264469848461
0.3571480868963527
0.7749419798944157
0.7442917312595139
0.9492333966187545
0.1858566309960501
0.4858793297748981
0.5790479182453698
0.7602374766816686
0.9191514956394152
0.9492333966187545
0.7742038633807263
0.8855629740223663
0.5790479182453698
0.5790479182453698
0.9125071191978152
0.9290011660190989
0.5837603458155469
0.5837603458155469
0.7749419798944157
0.8309639401480842
0.8309639401480842
0.4852841228268039
0.7749419798944157
0.9098914848669037
0.8309639401480842
0.7400743129871962
0.3314192067541425
0.7602374766816686
0.8855629740223663
0.5568054452161009
0.8309639401480842
0.4169296609891995
0.5259351816412547
0.22056375623519112
0.7400743129871962
0.9125071191978152
0.26112218043773044
0.7602374766816686
0.5981264469848461
0.3314192067541425
0.22056375623519112
0.7492079038344521
0.818130778695698
0.8855629740223663
0.22056375623519112
0.26112218043773044
0.7742038633807263
0.5568054452161009
0.4169296609891995
0.4069626308994173
0.5259351816412547
0.7602374766816686
0.5790479182453698
0.5259351816412547
0.9492333966187545
0.5998516931004748
0.5790479182453698
0.8309639401480842
0.7749419798944157
0.5568054452161009
0.5981264469848461
0.7602374766816686
0.5188414343573796
0.3314192067541425
0.3314192067541425
0.5837603458155469
0.5981264469848461
0.7602374766816686
0.8309639401480842
0.19273168532546187
0.4858793297748981
0.4169296609891995
0.7400743129871962
0.7602374766816686
0.9290011660190989
0.4858793297748981
0.3314192067541425
0.9125071191978152
0.7602374766816686
0.5259351816412547
0.5790479182453698
0.7749419798944157
0.5259351816412547
0.7602374766816686
0.4858793297748981
0.8855629740223663
0.3571480868963527
0.5568054452161009
0.8309639401480842
0.7602374766816686
0.3314192067541425
0.2315463923490558
0.7400743129871962
0.7400743129871962
0.5998516931004748
0.5777604980290161
0.9098914848669037
0.7602374766816686
0.7602374766816686
0.5981264469848461
0.5981264469848461
0.8855629740223663
0.9492333966187545
0.7749419798944157
0.5837603458155469
0.7400743129871962
0.9107047405009938
0.5777604980290161
0.8309639401480842
0.1858566309960501
0.4169296609891995
0.8309639401480842
0.9492333966187545
0.7602374766816686
0.5568054452161009
0.5790479182453698
0.5790479182453698
0.775265641487591
0.3571480868963527
0.7400743129871962
0.7742038633807263
0.5259351816412547
0.7400743129871962
0.5790479182453698
0.9125071191978152
0.8309639401480842
0.7749419798944157
0.8309639401480842
0.9298514355135297
0.5790479182453698
0.7570509769061942
0.5981264469848461
0.7400743129871962
0.6358850242242816
0.7749419798944157
0.8309639401480842
0.7602374766816686
0.4858793297748981
0.9290011660190989
0.5837603458155469
0.7742038633807263
0.9098914848669037
0.3314192067541425
0.3314192067541425
0.5998516931004748
0.6358850242242816
0.8855629740223663
0.8855629740223663
0.5790479182453698
0.4169296609891995
0.7742038633807263
0.5790479182453698
0.7602374766816686
0.9492333966187545
0.9492333966187545
0.3571480868963527
0.4069626308994173
0.3571480868963527
0.1858566309960501
0.5981264469848461
0.4069626308994173
0.8855629740223663
0.8855629740223663
0.7400743129871962
0.7400743129871962
0.9492333966187545
0.22056375623519112
0.4169296609891995
0.7749419798944157
0.4169296609891995
0.5777604980290161
0.9098914848669037
0.5568054452161009
0.5981264469848461
0.4858793297748981
0.4858793297748981
0.3314192067541425
0.8309639401480842
0.5981264469848461
0.7749419798944157
0.4852841228268039
0.8309639401480842
0.19273168532546187
0.7400743129871962
0.26112218043773044
0.8309639401480842
0.5837603458155469
0.5790479182453698
0.1858566309960501
0.8309639401480842
0.1858566309960501
0.7400743129871962
0.7602374766816686
0.8855629740223663
0.3314192067541425
0.4858793297748981
0.1858566309960501
0.7602374766816686
0.7602374766816686
0.7749419798944157
0.5568054452161009
0.5837603458155469
0.5259351816412547
0.7570509769061942
0.5777604980290161
0.5188414343573796
0.5981264469848461
0.3314192067541425
0.7400743129871962
0.7749419798944157
0.5981264469848461
0.4858793297748981
0.3571480868963527
0.7602374766816686
0.9098914848669037
0.4852841228268039
0.4069626308994173
0.5998516931004748
0.5837603458155469
0.19273168532546187
0.8855629740223663
0.5790479182453698
0.5837603458155469
0.5777604980290161
0.5981264469848461
0.4858793297748981
0.4858793297748981
0.5981264469848461
0.5837603458155469
0.9492333966187545
0.4069626308994173
0.5790479182453698
0.4169296609891995
0.5568054452161009
0.4858793297748981
0.5790479182453698
0.8855629740223663
0.3314192067541425
0.9492333966187545
0.4858793297748981
0.5981264469848461
0.5259351816412547
0.8855629740223663
0.8855629740223663
0.7570509769061942
0.1858566309960501
0.5568054452161009
0.5790479182453698
0.7570509769061942
0.5790479182453698
0.4069626308994173
0.5837603458155469
0.5837603458155469
0.19273168532546187
0.5837603458155469
0.5777604980290161
0.19273168532546187
0.5259351816412547
0.9298514355135297
0.5837603458155469
0.5790479182453698
0.5837603458155469
0.7749419798944157
0.9492333966187545
0.5981264469848461
0.4852841228268039
0.1858566309960501
0.5568054452161009
0.5568054452161009
0.7749419798944157
0.5568054452161009
0.5981264469848461
0.1858566309960501
0.1858566309960501
0.1858566309960501
0.9353466677701374
0.19273168532546187
0.4069626308994173
0.3314192067541425
0.4852841228268039
0.5259351816412547
0.7570509769061942
0.585801595888098
0.19273168532546187
0.9107047405009938
0.5837603458155469
0.5837603458155469
0.7431695308427988
0.5568054452161009
0.5981264469848461
0.7602374766816686
0.7400743129871962
0.5981264469848461
0.5790479182453698
0.22056375623519112
0.5259351816412547
0.3571480868963527
0.1858566309960501
0.5188414343573796
0.7400743129871962
0.5790479182453698
0.5837603458155469
0.8309639401480842
0.5790479182453698
0.7749419798944157
0.7602374766816686
0.9098914848669037
0.1858566309960501
0.7749419798944157
0.5998516931004748
0.7570509769061942
0.8309639401480842
0.4852841228268039
0.7570509769061942
0.5790479182453698
0.5837603458155469
0.4852841228268039
0.5837603458155469
0.5777604980290161
0.4069626308994173
0.5777604980290161
0.9098914848669037
0.4852841228268039
0.5188414343573796
0.9098914848669037
0.8309639401480842
0.5912671097196269
0.7298178420564927
0.9098914848669037
0.2315463923490558
0.2315463923490558
0.5981264469848461
0.5837603458155469
0.7602374766816686
0.4858793297748981
0.4858793297748981
0.1858566309960501
0.3314192067541425
0.7749419798944157
0.5568054452161009
0.4069626308994173
0.5777604980290161
0.4169296609891995
0.5981264469848461
0.5188414343573796
0.5568054452161009
0.1858566309960501
0.4069626308994173
0.5777604980290161
0.5998516931004748
0.9353466677701374
0.4069626308994173
0.4858793297748981
0.5568054452161009
0.9098914848669037
0.3314192067541425
0.7570509769061942
0.5998516931004748
0.9353466677701374
0.7602374766816686
0.9098914848669037
0.5568054452161009
0.5998516931004748
0.19273168532546187
0.5568054452161009
0.6358850242242816
0.6358850242242816
0.8056833225233446
0.7400743129871962
0.4169296609891995
0.5790479182453698
0.7492079038344521
0.5790479182453698
0.4069626308994173
0.5259351816412547
0.7749419798944157
0.9492333966187545
0.7602374766816686
0.8309639401480842
0.9290011660190989
0.7400743129871962
0.5790479182453698
0.4169296609891995
0.5981264469848461
0.8855629740223663
0.7602374766816686
0.5790479182453698
0.4858793297748981
0.9492333966187545
0.5981264469848461
0.9298514355135297
0.7602374766816686
0.3314192067541425
0.9492333966187545
0.7749419798944157
0.4069626308994173
0.1858566309960501
0.5837603458155469
0.1858566309960501
0.7602374766816686
0.5981264469848461
0.7400743129871962
0.5790479182453698
0.5837603458155469
0.7492079038344521
0.5259351816412547
0.4858793297748981
0.5790479182453698
0.9290011660190989
0.7749419798944157
0.5837603458155469
0.5568054452161009
0.9298514355135297
0.1858566309960501
0.4169296609891995
0.5790479182453698
0.9298514355135297
0.9492333966187545
0.3314192067541425
0.7602374766816686
0.9492333966187545
0.9492333966187545
0.9353466677701374
0.9492333966187545
0.9290011660190989
0.4852841228268039
0.3314192067541425
0.1858566309960501
0.9125071191978152
0.5259351816412547
0.3314192067541425
0.8309639401480842
0.5790479182453698
0.8855629740223663
0.5837603458155469
0.5981264469848461
0.5981264469848461
0.3314192067541425
0.4069626308994173
0.4169296609891995
0.5837603458155469
0.7602374766816686
0.8855629740223663
0.9298514355135297
0.1858566309960501
0.8309639401480842
0.9298514355135297
0.9492333966187545
0.5981264469848461
0.7742038633807263
0.9492333966187545
0.4069626308994173
0.4069626308994173
0.5259351816412547
0.9492333966187545
0.4069626308994173
0.9098914848669037
0.7400743129871962
0.8309639401480842
0.5259351816412547
0.4069626308994173
0.3314192067541425
0.8309639401480842
0.5981264469848461
0.1858566309960501
0.7400743129871962
0.5837603458155469
0.3314192067541425
0.4069626308994173
0.8855629740223663
0.4858793297748981
0.5981264469848461
0.19273168532546187
0.9492333966187545
0.9098914848669037
0.5981264469848461
0.5777604980290161
0.7742038633807263
0.4852841228268039
0.9098914848669037
0.9098914848669037
0.7492079038344521
0.5790479182453698
0.5837603458155469
0.5981264469848461
0.9492333966187545
0.3571480868963527
0.1858566309960501
0.3571480868963527
0.1858566309960501
0.7602374766816686
0.7400743129871962
0.8855629740223663
0.5790479182453698
0.5790479182453698
0.1858566309960501
0.8855629740223663
0.8855629740223663
0.4858793297748981
0.7400743129871962
0.5259351816412547
0.8855629740223663
0.5259351816412547
0.5981264469848461
0.3571480868963527
0.1858566309960501
0.8855629740223663
0.1858566309960501
0.7602374766816686
0.5837603458155469
0.5981264469848461
0.9098914848669037
0.8309639401480842
0.3314192067541425
0.1858566309960501
0.4852841228268039
0.5837603458155469
0.5912671097196269
0.5777604980290161
0.5568054452161009
0.5790479182453698
0.4858793297748981
0.5259351816412547
0.8309639401480842
0.5790479182453698
0.5790479182453698
0.5981264469848461
0.7400743129871962
0.5837603458155469
0.3571480868963527
0.7400743129871962
0.4169296609891995
0.5837603458155469
0.5837603458155469
0.5981264469848461
0.8309639401480842
0.5790479182453698
0.4069626308994173
0.19273168532546187
0.7602374766816686
0.4069626308994173
0.1858566309960501
0.5568054452161009
0.8309639401480842
0.5790479182453698
0.5981264469848461
0.5259351816412547
0.9492333966187545
0.9098914848669037
0.9492333966187545
0.7400743129871962
0.4169296609891995
0.3571480868963527
0.4858793297748981
0.5777604980290161
0.4858793297748981
0.7602374766816686
0.1858566309960501
0.8309639401480842
0.9353466677701374
0.5998516931004748
0.5777604980290161
0.7742038633807263
0.7602374766816686
0.4069626308994173
0.4069626308994173
0.9290011660190989
0.4069626308994173
0.3571480868963527
0.7749419798944157
0.8855629740223663
0.5790479182453698
0.7400743129871962
0.9298514355135297
0.1858566309960501
0.8309639401480842
0.7742038633807263
0.7602374766816686
0.7749419798944157
0.19273168532546187
0.5568054452161009
0.2315463923490558
0.8855629740223663
0.5777604980290161
0.5981264469848461
0.8309639401480842
0.7570509769061942
0.5837603458155469
0.9098914848669037
0.5837603458155469
0.5777604980290161
0.19273168532546187
0.5568054452161009
0.19273168532546187
0.5998516931004748
0.5981264469848461
0.7602374766816686
0.5259351816412547
0.7742038633807263
0.9492333966187545
0.5837603458155469
0.7742038633807263
0.1858566309960501
0.1858566309960501
0.3314192067541425
0.4858793297748981
0.4852841228268039
0.1858566309960501
0.5568054452161009
0.4069626308994173
0.5777604980290161
0.9107047405009938
0.7602374766816686
0.4069626308994173
0.19273168532546187
0.5790479182453698
0.4169296609891995
0.5790479182453698
0.5981264469848461
0.9107047405009938
0.4169296609891995
0.3314192067541425
0.4858793297748981
0.1858566309960501
0.8747216378951285
0.19273168532546187
0.7749419798944157
0.5568054452161009
0.4069626308994173
0.4858793297748981
0.7570509769061942
0.3571480868963527
0.7400743129871962
0.7602374766816686
0.3314192067541425
0.5259351816412547
0.5981264469848461
0.4858793297748981
0.7602374766816686
0.4858793297748981
0.5981264469848461
0.7570509769061942
0.4169296609891995
0.8309639401480842
0.8855629740223663
0.7749419798944157
0.7742038633807263
0.5998516931004748
0.8855629740223663
0.5259351816412547
0.9492333966187545
0.9353466677701374
0.5981264469848461
0.19273168532546187
0.4169296609891995
0.3314192067541425
0.19273168532546187
0.4069626308994173
0.4858793297748981
0.5981264469848461
0.5777604980290161
0.3314192067541425
0.3314192067541425
0.5981264469848461
0.7570509769061942
0.3314192067541425
0.19273168532546187
0.1858566309960501
0.5777604980290161
0.7742038633807263
0.7749419798944157
0.5790479182453698
0.9290011660190989
0.1858566309960501
0.5777604980290161
0.5777604980290161
0.5998516931004748
0.3314192067541425
0.5837603458155469
0.19273168532546187
0.4858793297748981
0.8309639401480842
0.3314192067541425
0.4069626308994173
0.5981264469848461
0.9492333966187545
0.5568054452161009
0.4852841228268039
0.5568054452161009
0.1858566309960501
0.7298178420564927
0.5998516931004748
0.19273168532546187
0.5837603458155469
0.9353466677701374
0.6358850242242816
0.7602374766816686
0.5777604980290161
0.2315463923490558
0.7602374766816686
0.5777604980290161
0.6358850242242816
0.19273168532546187
0.7602374766816686
0.5837603458155469
0.2315463923490558
0.7749419798944157
0.5981264469848461
0.8309639401480842
0.4858793297748981
0.1858566309960501
0.9107047405009938
0.8309639401480842
0.5777604980290161
0.9290011660190989
0.5568054452161009
0.5568054452161009
0.3314192067541425
0.5981264469848461
0.7742038633807263
0.7400743129871962
0.5837603458155469
0.4169296609891995
0.7570509769061942
0.4069626308994173
0.8056833225233446
0.4852841228268039
0.5981264469848461
0.8815207567556912
0.5790479182453698
0.4852841228268039
0.9107047405009938
0.2703793694052451
0.5837603458155469
0.9098914848669037
0.7431695308427988
0.585801595888098
0.5777604980290161
0.4069626308994173
0.5777604980290161
0.19273168532546187
0.2703793694052451
0.5837603458155469
0.9191514956394152
0.7602374766816686
0.7400743129871962
0.5981264469848461
0.7749419798944157
0.7602374766816686
0.8309639401480842
0.4069626308994173
0.5259351816412547
0.5981264469848461
0.5568054452161009
0.4069626308994173
0.8855629740223663
0.7742038633807263
0.9492333966187545
0.4852841228268039
0.7749419798944157
0.1858566309960501
0.3314192067541425
0.4852841228268039
0.7749419798944157
0.5790479182453698
0.3314192067541425
0.3314192067541425
0.8309639401480842
0.5790479182453698
0.5568054452161009
0.5790479182453698
0.8309639401480842
0.5981264469848461
0.5837603458155469
0.5790479182453698
0.4858793297748981
0.4858793297748981
0.5568054452161009
0.8855629740223663
0.5259351816412547
0.8309639401480842
0.5998516931004748
0.26112218043773044
0.7492079038344521
0.5981264469848461
0.7749419798944157
0.9125071191978152
0.9125071191978152
0.3314192067541425
0.7602374766816686
0.3571480868963527
0.7749419798944157
0.5777604980290161
0.5998516931004748
0.22056375623519112
0.4858793297748981
0.7400743129871962
0.5981264469848461
0.1858566309960501
0.8309639401480842
0.9298514355135297
0.8309639401480842
0.9290011660190989
0.4169296609891995
0.7400743129871962
0.9492333966187545
0.4852841228268039
0.9492333966187545
0.3314192067541425
0.5837603458155469
0.8855629740223663
0.5998516931004748
0.5790479182453698
0.5981264469848461
0.5981264469848461
0.9492333966187545
0.4069626308994173
0.9492333966187545
0.5568054452161009
0.8309639401480842
0.9098914848669037
0.9353466677701374
0.9492333966187545
0.5259351816412547
0.5568054452161009
0.5790479182453698
0.5790479182453698
0.5790479182453698
0.9298514355135297
0.5568054452161009
0.5259351816412547
0.5259351816412547
0.8309639401480842
0.7742038633807263
0.4852841228268039
0.8309639401480842
0.5790479182453698
0.8309639401480842
0.7602374766816686
0.7749419798944157
0.5568054452161009
0.4069626308994173
0.5998516931004748
0.5981264469848461
0.5568054452161009
0.3314192067541425
0.4858793297748981
0.1858566309960501
0.3314192067541425
0.19273168532546187
0.8309639401480842
0.5981264469848461
0.5188414343573796
0.7602374766816686
0.5790479182453698
0.5188414343573796
0.7400743129871962
0.7602374766816686
0.9353466677701374
0.5777604980290161
0.8309639401480842
0.3314192067541425
0.6358850242242816
0.5188414343573796
0.5790479182453698
0.1858566309960501
0.9107047405009938
0.4069626308994173
0.5790479182453698
0.5981264469848461
0.22056375623519112
0.1858566309960501
0.5981264469848461
0.5568054452161009
0.5837603458155469
0.5837603458155469
0.9098914848669037
0.5790479182453698
0.5568054452161009
0.6358850242242816
0.5998516931004748
0.3314192067541425
0.7749419798944157
0.5837603458155469
0.5777604980290161
0.8309639401480842
0.1858566309960501
0.9098914848669037
0.5188414343573796
0.9290011660190989
0.5998516931004748
0.5837603458155469
0.4069626308994173
0.19273168532546187
0.5568054452161009
0.8309639401480842
0.8105912544259145
0.5981264469848461
0.5998516931004748
0.19273168532546187
0.5981264469848461
0.5837603458155469
0.5981264469848461
0.7570509769061942
0.9098914848669037
0.5790479182453698
0.19273168532546187
0.7602374766816686
0.5568054452161009
0.9492333966187545
0.5790479182453698
0.7742038633807263
0.5777604980290161
0.26112218043773044
0.4069626308994173
0.3314192067541425
0.5981264469848461
0.7492079038344521
0.5790479182453698
0.5998516931004748
0.7400743129871962
0.9353466677701374
0.5790479182453698
0.7749419798944157
0.3314192067541425
0.4169296609891995
0.1858566309960501
0.9098914848669037
0.4069626308994173
0.5981264469848461
0.5259351816412547
0.5981264469848461
0.9098914848669037
0.8309639401480842
0.4852841228268039
0.4858793297748981
0.4852841228268039
0.7570509769061942
0.5790479182453698
0.7602374766816686
0.7749419798944157
0.585801595888098
0.5259351816412547
0.9353466677701374
